{"description":"-  Controller Centric\n\n- Perks recommended by Aegis","name":"Yggdrasil's Renegades Wishlist","data":[{"description":"","hash":3146657388,"name":"","plugs":[[839105230,1840239774,3048246338,1124871858],[807993149,1454612425,4273542183,1946186791],[3824105627,1955165503,1183436451,2617553311],[124408337,1171887445],[1309453587,4280607931]],"tags":["GodPVE"]},{"description":"","hash":3146657388,"name":"","plugs":[[1482024992,4090651448,2860123632,111235976],[1092016998,226831738,2126519017,1080094173],[247725512,2938480696],[2922950962,2078520142],[1309453587,4280607931]],"tags":["PVE"]},{"description":"","hash":1872906663,"name":"","plugs":[[839105230,3048246338,1840239774,1124871858],[807993149,1454612425,1946186791,4273542183],[1183436451,2617553311,3824105627,1955165503],[1171887445,124408337],[3713579091,2671305723]],"tags":["GodPVE"]},{"description":"","hash":2023002233,"name":"","plugs":[[839105230,3048246338,1840239774,1124871858],[1946186791,4273542183,807993149,1454612425],[3824105627,1183436451],[960997401,3244229373],[3713579091,2671305723]],"tags":["GodPVE"]},{"description":"","hash":3984776322,"name":"","plugs":[[839105230,1840239774,3048246338,1124871858],[1946186791,4273542183,807993149,1454612425],[3824105627,1183436451],[960997401,3244229373],[1309453587,4280607931]],"tags":["GodPVE"]},{"description":"","hash":3984776322,"name":"","plugs":[[1482024992,2860123632,4090651448,111235976],[1092016998,226831738,1080094173,2126519017],[923806249,3422796781],[831391274,102912326]],"tags":["PVE"]},{"description":"Cooling Masterwork ","hash":1419158093,"name":"","plugs":[[3048246338,1124871858],[1454612425,4273542183],[2039482529,984655331],[2939589096],[4280607931]],"tags":["GodPVE"]},{"description":"","hash":1419158093,"name":"","plugs":[[2860123632,111235976],[226831738,2126519017],[1906147653],[2078520142]],"tags":["PVE"]},{"description":"","hash":2770035786,"name":"","plugs":[[3048246338,1124871858,839105230,1840239774],[1946186791,4273542183,807993149,1454612425],[243981275,984655331,3932949589,2039482529],[2939589096,365154968],[3713579091,2671305723]],"tags":["GodPVE"]},{"description":"","hash":3146657389,"name":"","plugs":[[1840239774,839105230,3048246338,1124871858],[1946186791,4273542183,807993149,1454612425],[1421772400,3932949589,3291427296,2039482529],[555281244,332733060,2109543898,2799030358],[1309453587,4280607931]],"tags":["GodPVE"]},{"description":"","hash":3146657389,"name":"","plugs":[[1482024992,2860123632,4090651448,111235976],[1080094173,1092016998,226831738,2126519017]],"tags":["PVE"]},{"description":"","hash":2462965802,"name":"","plugs":[[839105230,1840239774,3048246338,1124871858],[1946186791,4273542183,807993149,1454612425],[1421772400,3932949589,2039482529,3291427296],[2109543898,332733060,2799030358],[3713579091,2671305723]],"tags":["GodPVE"]},{"description":"","hash":2659286158,"name":"","plugs":[[1124871858,3048246338,839105230,1840239774],[1946186791,4273542183,807993149,1454612425],[2048641572,1926441324],[776531651,2541826827],[3713579091,2671305723]],"tags":["GodPVE"]},{"description":"","hash":2819552809,"name":"","plugs":[[1124871858,3048246338],[4273542183,1454612425],[1926441324],[2541826827],[4280607931]],"tags":["GodPVE"]},{"description":"","hash":2819552809,"name":"","plugs":[[2860123632,111235976],[226831738],[3007133316]],"tags":["PVE"]},{"description":"","hash":593808239,"name":"","plugs":[[3048246338,1124871858],[1709045111],[4116820839],[3192447905],[1847323754]],"tags":["GodPVE"]},{"description":"","hash":3661051060,"name":"","plugs":[[1124871858,3048246338],[1709045111],[4116820839],[3192447905],[4280607931]],"tags":["GodPVE"]},{"description":"","hash":3661051060,"name":"","plugs":[[2860123632],[1807273211],[2717805783]],"tags":["PVE"]}]}